4538490.903194
997383.770560
821258.653271
737612.855206
685122.620400
648235.769465
620459.403587
598860.472781
581776.257435
568110.664907
557156.230624
548331.367999
541178.910951
535390.135824
530640.527362
526706.247535
523368.640534
520498.659794
518031.344836
515870.216377
513955.087654
512231.450044
510684.066464
509262.230369
507980.242767
506778.954919
505661.229230
504644.474416
503665.406641
502790.268511
501951.069093
501157.704829
500409.123235
499725.070970
499061.790259
498424.675141
497834.135999
497267.544968
496729.563319
496212.068125
495736.638035
495275.009172
494847.491499
494429.811835
494022.129401
493644.533532
493281.845925
492933.410664
492595.104131
492267.774995
491953.908646
491643.205324
491338.367834
491065.050901
490780.713585
490529.367280
490258.414897
490015.892637
489764.171319
489532.221146
489306.088663
489103.954345
488889.773541
488691.606072
488482.197029
488302.222792
488098.992043
487913.511791
487737.128399
487575.927204
487384.878609
487243.819681
487068.453332
486919.199323
486749.388971
486611.207404
486468.443653
486319.351166
486183.748677
486047.859601
